7.50e+1
7.40e+1
7.40e+1
7.30e+1
7.20e+1
7.30e+1
7.70e+1
7.90e+1
6.80e+1
8.80e+1
7.90e+1
7.20e+1
8.60e+1
7.10e+1
7.10e+1
7.20e+1
8.20e+1
8.30e+1
6.80e+1
7.30e+1
7.40e+1
7.70e+1
7.40e+1
7.60e+1
7.90e+1
7.90e+1
6.70e+1
7.70e+1
7.50e+1
8.30e+1
7.30e+1
7.50e+1
6.50e+1
7.30e+1
7.60e+1
7.50e+1
7.90e+1
7.00e+1
7.10e+1
7.30e+1
8.10e+1
7.30e+1
8.40e+1
7.70e+1
7.20e+1
7.10e+1
7.30e+1
7.50e+1
7.00e+1
7.70e+1
7.80e+1
7.30e+1
8.20e+1
7.30e+1
8.00e+1
7.10e+1
7.60e+1
6.70e+1
7.40e+1
6.90e+1
7.30e+1
7.90e+1
7.50e+1
7.60e+1
8.00e+1
7.70e+1
8.30e+1
8.60e+1
7.60e+1
8.50e+1
7.80e+1
8.30e+1
7.60e+1
7.70e+1
7.30e+1
7.00e+1
7.30e+1
7.00e+1
6.70e+1
7.40e+1
8.20e+1
7.10e+1
7.00e+1
7.50e+1
7.80e+1
7.70e+1
8.00e+1
7.00e+1
6.80e+1
8.00e+1
6.80e+1
7.40e+1
7.30e+1
6.90e+1
7.00e+1
7.40e+1
7.50e+1
8.00e+1
8.30e+1
6.90e+1